list(num.pat=1.11000E+02, num.se=2.70000E+01, num.amb=1.70000E+01, m.rho=8.00000E-01, tau.rho=2.50000E+01, m.amb=4.77379E+00, tau.amb=3.64977E+01, m.hosp=8.59688E+00, tau.hosp=3.19947E+01, c.drug=c(1.10000E+02, 5.20000E+02))
