list(r.sfc= structure(.Data= c(2.10000E+02, 6.00000E+01, 0.00000E+00, 1.00000E+00, 1.00000E+00, 8.80000E+01, 6.41000E+02, 0.00000E+00, 4.00000E+00, 1.30000E+01, 0.00000E+00, 0.00000E+00, 0.00000E+00, 0.00000E+00, 0.00000E+00, 1.00000E+00, 0.00000E+00, 0.00000E+00, 0.00000E+00, 1.00000E+00), .Dim=c(4, 5)), n.sfc=c(2.72000E+02, 7.46000E+02, 0.00000E+00, 2.00000E+00), weekly.cost.sfc=c(7.96000E+00, 7.96000E+00, 1.82117E+03, 1.00790E+02), r.fp= structure(.Data= c(6.60000E+01, 3.20000E+01, 0.00000E+00, 0.00000E+00, 2.00000E+00, 4.20000E+01, 7.52000E+02, 0.00000E+00, 5.00000E+00, 2.00000E+01, 0.00000E+00, 0.00000E+00, 0.00000E+00, 0.00000E+00, 0.00000E+00, 0.00000E+00, 4.00000E+00, 0.00000E+00, 1.00000E+00, 0.00000E+00), .Dim=c(4, 5)), n.fp=c(1.00000E+02, 8.19000E+02, 0.00000E+00, 5.00000E+00), weekly.cost.fp=c(2.38000E+00, 2.38000E+00, 1.85158E+03, 9.52100E+01), prior.sfc= structure(.Data= c(1.00000E+00, 1.00000E+00, 1.00000E+00, 1.00000E+00, 1.00000E+00, 1.00000E+00, 1.00000E+00, 1.00000E+00, 1.00000E+00, 1.00000E+00, 1.00000E+00, 1.00000E+00, 1.00000E+00, 1.00000E+00, 1.00000E+00, 1.00000E+00, 1.00000E+00, 1.00000E+00, 1.00000E+00, 1.00000E+00), .Dim=c(4, 5)), prior.fp= structure(.Data= c(1.00000E+00, 1.00000E+00, 1.00000E+00, 1.00000E+00, 1.00000E+00, 1.00000E+00, 1.00000E+00, 1.00000E+00, 1.00000E+00, 1.00000E+00, 1.00000E+00, 1.00000E+00, 1.00000E+00, 1.00000E+00, 1.00000E+00, 1.00000E+00, 1.00000E+00, 1.00000E+00, 1.00000E+00, 1.00000E+00), .Dim=c(4, 5)), p.fixed=c(0.00000E+00, 0.00000E+00, 0.00000E+00, 0.00000E+00, 1.00000E+00), s.start=c(1.00000E+00, 0.00000E+00, 0.00000E+00, 0.00000E+00, 0.00000E+00))
